0.0136   0.0543    0.1295
-0.0038   0.0577    0.1308
-0.0344   0.0568    0.1244
-0.0573   0.0446    0.1145
-0.0471   0.0360    0.1279
-0.0440   0.0607    0.1167
-0.0203   0.0341    0.1411
-0.0599   0.0269    0.1209
-0.0126   0.0698    0.1244
-0.0298   0.0234    0.1414
-0.0590   0.0209    0.1243
-0.0747   0.0485    0.0867
0.0688   0.0385    0.0909
-0.0793   0.0426    0.0785
0.0349   0.0761    0.1048
0.0474   0.0121    0.1288
-0.0392   0.0128    0.1399
0.0207   0.0158    0.1442
-0.0794   -0.0138    0.0709
-0.0489   0.0098    0.1351
0.0610   -0.0072    0.1102
0.0635   0.0626    0.0735
0.0159   0.0106    0.1467
0.0439   0.0801    0.0891
0.0758   0.0373    0.0676
-0.0784   0.0538    0.0625
0.0743   0.0016    0.0898
-0.0117   -0.0021    0.1481
0.0147   0.0869    0.1090
0.0732   0.0492    0.0646
-0.0095   -0.0092    0.1472
0.0793   0.0048    0.0629
-0.0733   -0.0318    0.0759
-0.0715   -0.0301    0.0905
-0.0346   -0.0094    0.1427
-0.0559   0.0849    0.0753
-0.0090   -0.0273    0.1408
-0.0602   -0.0208    0.1210
-0.0001   -0.0505    0.1213
-0.0695   -0.0366    0.0874
-0.0715   -0.0379    0.0727
0.0070   -0.0501    0.1218
0.0101   -0.0460    0.1262
0.0789   -0.0091    0.0577
-0.0372   -0.0325    0.1321
-0.0864   -0.0038    0.0427
-0.0406   -0.0452    0.1185
-0.0165   0.0976    0.1018
0.0619   -0.0424    0.0687
-0.0065   -0.0592    0.1138
0.0800   -0.0034    0.0449
0.0750   -0.0228    0.0529
-0.0396   -0.0599    0.0989
0.0351   -0.0583    0.0991
0.0235   0.1017    0.0845
0.0747   -0.0236    0.0453
-0.0490   -0.0596    0.0909
-0.0616   0.0881    0.0559
-0.0374   0.1030    0.0744
-0.0507   -0.0619    0.0840
0.0756   0.0103    0.0195
0.0528   -0.0574    0.0699
0.0564   -0.0531    0.0503
-0.0043   0.1105    0.0816
0.0656   -0.0413    0.0396
-0.0771   0.0452    0.0123
-0.0780   0.0392    0.0100
-0.0575   -0.0597    0.0427
0.0720   0.0495    0.0174
0.0740   -0.0045    0.0135
-0.0671   0.0811    0.0287
0.0416   0.0997    0.0409
0.0496   0.0927    0.0342
0.0326   -0.0752    0.0703
-0.0407   0.1083    0.0503
-0.0634   0.0860    0.0249
-0.0280   -0.0802    0.0538
-0.0613   -0.0432    0.0087
0.0177   0.0892    -0.0011
-0.0815   0.0033    0.0014
-0.0589   0.0910    0.0212
-0.0265   0.1145    0.0413
0.0461   0.0794    0.0014
0.0169   0.1138    0.0349
-0.0543   0.0957    0.0192
0.0329   0.0966    0.0089
-0.0785   -0.0072    -0.0045
0.0416   0.0828    -0.0026
-0.0332   0.0916    -0.0038
-0.0355   0.0991    0.0049
-0.0091   0.1168    0.0259
0.0102   0.0930    -0.0090
-0.0691   0.0581    -0.0107
-0.0132   0.0896    -0.0150
-0.0379   -0.0814    0.0285
0.0628   0.0614    -0.0100
0.0797   0.0182    -0.0076
-0.0599   0.0693    -0.0174
-0.0192   0.0830    -0.0265
-0.0780   0.0272    -0.0231
0.0670   -0.0311    -0.0144
0.0799   0.0023    -0.0177
-0.0225   -0.0906    0.0117
-0.0562   -0.0438    -0.0278
-0.0152   0.0884    -0.0353
-0.0510   0.0680    -0.0402
0.0746   0.0230    -0.0359
0.0570   0.0526    -0.0435
-0.0321   0.0609    -0.0561
-0.0392   0.0460    -0.0610
-0.0207   0.0668    -0.0608
-0.0404   0.0378    -0.0674
0.0627   -0.0354    -0.0483
-0.0425   0.0299    -0.0752
0.0618   -0.0475    -0.0532
-0.0524   -0.0029    -0.0812
0.0600   -0.0490    -0.0667
0.0499   0.0056    -0.0887
-0.0420   -0.0594    -0.0769
-0.0348   -0.0504    -0.0849
0.0166   0.0448    -0.1012
0.0131   0.0229    -0.1129
